Map_Nil_Full
144
87|0
34|1
34|2
34|3
34|4
34|5
34|6
34|7
34|8
34|9
34|10
87|11
33|12
246|13
246|14
246|15
246|16
246|17
246|18
246|19
246|20
246|21
246|22
246|23
33|24
246|25
246|26
246|27
246|28
246|29
246|30
246|31
246|32
246|33
246|34
246|35
33|36
246|37
246|38
30|39
246|40
246|41
246|42
246|43
246|44
246|45
246|46
246|47
33|48
246|49
246|50
0|51
31|52
246|53
246|54
246|55
246|56
246|57
246|58
246|59
33|60
246|61
246|62
30|63
246|64
246|65
246|66
246|67
246|68
246|69
246|70
246|71
33|72
246|73
246|74
246|75
246|76
32|77
246|78
246|79
246|80
246|81
246|82
246|83
33|84
246|85
246|86
30|87
246|88
246|89
246|90
246|91
246|92
246|93
246|94
246|95
33|96
246|97
246|98
0|99
31|100
246|101
246|102
246|103
246|104
246|105
246|106
246|107
33|108
246|109
246|110
30|111
246|112
246|113
246|114
246|115
246|116
246|117
246|118
246|119
33|120
246|121
246|122
246|123
246|124
246|125
246|126
246|127
246|128
246|129
246|130
246|131
87|132
246|133
246|134
246|135
246|136
246|137
246|138
246|139
246|140
246|141
246|142
246|143