Map_Nil_Full
84
87|36
36|37
87|38
34|39
34|40
34|41
34|42
34|43
34|44
34|45
34|46
87|47
33|48
246|49
246|50
246|51
246|52
246|53
246|54
246|55
246|56
246|57
246|58
246|59
33|60
246|61
246|62
246|63
246|64
246|65
246|66
246|67
246|68
246|69
246|70
246|71
33|72
246|73
246|74
246|75
246|76
246|77
246|78
246|79
246|80
246|81
246|82
246|83
33|84
246|85
246|86
246|87
246|88
246|89
246|90
246|91
246|92
246|93
246|94
246|95
87|96
34|97
34|98
34|99
34|100
87|101
246|102
246|103
87|104
34|105
34|106
87|107
33|113
246|114
246|115
33|116
33|125
246|126
246|127
33|128
87|137
34|138
34|139
87|140