Map_Nil_Full_crypt
114
151|3
153|4
153|5
151|6
151|12
153|13
153|14
151|15
246|16
246|17
151|18
153|19
153|20
153|21
153|22
151|23
152|24
246|25
246|26
246|27
246|28
246|29
246|30
246|31
246|32
246|33
246|34
152|35
152|36
246|37
151|38
151|39
246|40
246|41
246|42
246|43
246|44
246|45
246|46
152|47
151|48
246|49
246|50
246|51
246|52
246|53
246|54
246|55
246|56
246|57
246|58
151|59
152|60
246|61
0|62
69|63
246|64
246|65
246|66
246|67
246|68
246|69
246|70
123|71
151|72
246|73
246|74
246|75
246|76
246|77
246|78
246|79
246|80
246|81
246|82
151|83
152|84
246|85
151|86
151|87
246|88
246|89
246|90
246|91
246|92
246|93
246|94
152|95
152|96
246|97
246|98
246|99
246|100
246|101
246|102
246|103
246|104
246|105
246|106
152|107
151|108
153|109
153|110
151|111
151|114
153|115
153|116
153|117
153|118
151|119
151|123
153|124
153|125
151|126