Map_Nil_Full
144
246|0
87|1
34|2
34|3
87|4
246|5
246|6
246|7
246|8
246|9
87|10
246|11
246|12
33|13
246|14
246|15
246|16
246|17
87|18
34|19
87|20
246|21
33|22
246|23
246|24
33|25
246|26
246|27
87|28
246|29
33|30
246|31
246|32
246|33
33|34
246|35
246|36
33|37
246|38
87|39
32|40
246|41
33|42
246|43
246|44
32|45
33|46
246|47
246|48
33|49
246|50
246|51
246|52
246|53
33|54
246|55
87|56
34|57
87|58
246|59
246|60
87|61
246|62
87|63
34|64
34|65
87|66
246|67
33|68
246|69
246|70
246|71
246|72
246|73
246|74
33|75
246|76
246|77
32|78
246|79
33|80
246|81
32|82
246|83
246|84
32|85
246|86
87|87
246|88
246|89
246|90
246|91
33|92
246|93
246|94
246|95
246|96
246|97
246|98
246|99
32|100
246|101
87|102
246|103
33|104
246|105
87|106
246|107
246|108
87|109
87|110
246|111
246|112
246|113
33|114
246|115
87|116
246|117
33|118
246|119
246|120
246|121
87|122
34|123
34|124
34|125
87|126
246|127
246|128
246|129
33|130
246|131
255|132
246|133
246|134
246|135
246|136
246|137
246|138
246|139
246|140
32|141
87|142
246|143