Map_Nil_Full
144
39|0
39|1
39|2
39|3
39|4
39|5
39|6
39|7
39|8
39|9
37|10
37|11
64|12
246|13
246|14
246|15
246|16
246|17
246|18
246|19
246|20
246|21
246|22
246|23
40|24
246|25
246|26
246|27
246|28
246|29
246|30
246|31
246|32
246|33
246|34
246|35
40|36
246|37
246|38
246|39
246|40
246|41
246|42
246|43
246|44
246|45
246|46
246|47
63|48
246|49
246|50
246|51
246|52
246|53
37|54
37|55
39|56
39|57
39|58
39|59
39|60
39|61
75|62
246|63
246|64
246|65
37|66
37|67
39|68
39|69
39|70
67|71
64|72
246|73
246|74
246|75
246|76
246|77
246|78
246|79
246|80
246|81
246|82
40|83
40|84
246|85
246|86
246|87
246|88
75|89
75|90
246|91
246|92
246|93
246|94
40|95
40|96
246|97
246|98
246|99
75|100
66|101
42|102
75|103
246|104
246|105
246|106
40|107
40|108
246|109
246|110
246|111
246|112
40|113
40|114
246|115
246|116
246|117
246|118
40|119
40|120
246|121
246|122
246|123
246|124
40|125
40|126
246|127
246|128
246|129
246|130
40|131
62|132
75|133
75|134
246|135
246|136
40|137
40|138
246|139
246|140
246|141
246|142
40|143