Map_Nil_Full
108
87|0
34|1
34|2
34|3
34|4
34|5
34|6
34|7
87|8
33|12
246|13
246|14
246|15
246|16
246|17
246|18
246|19
33|20
33|24
30|25
30|26
246|27
246|28
30|29
30|30
246|31
33|32
33|36
0|37
31|38
246|39
246|40
0|41
31|42
246|43
33|44
33|48
246|49
246|50
246|51
246|52
246|53
246|54
246|55
87|56
33|60
0|61
0|62
246|63
246|64
246|65
246|66
246|67
35|68
33|72
0|73
59|74
246|75
246|76
246|77
246|78
246|79
35|80
33|84
246|85
246|86
246|87
246|88
246|89
246|90
246|91
87|92
33|96
0|97
31|98
246|99
246|100
0|101
31|102
246|103
33|104
33|108
30|109
30|110
246|111
246|112
30|113
30|114
246|115
33|116
33|120
246|121
246|122
246|123
246|124
246|125
246|126
246|127
33|128
87|132
34|133
34|134
34|135
34|136
34|137
34|138
34|139
87|140